1
1.00000
0.47432
1.00000
0.47831
2
0.99081
0.28062
0.99081
0.27464
3
0.97881
0.22220
0.97881
0.21043
4
0.96527
0.17357
0.96527
0.15536
5
0.95030
0.13546
0.95030
0.11099
6
0.93413
0.10287
0.93413
0.07208
7
0.91705
0.07440
0.91705
0.03727
8
0.89934
0.04909
0.89934
0.00561
9
0.88122
0.02627
0.88122
-0.02354
10
0.86284
0.00546
0.86284
-0.05068
11
0.84429
-0.01376
0.84429
-0.07622
12
0.82565
-0.03168
0.82565
-0.10050
13
0.80694
-0.04857
0.80694
-0.12377
14
0.78820
-0.06464
0.78820
-0.14628
15
0.76943
-0.08003
0.76943
-0.16820
16
0.75065
-0.09490
0.75065
-0.18969
17
0.73186
-0.10935
0.73186
-0.21088
18
0.71308
-0.12347
0.71308
-0.23190
19
0.69429
-0.13734
0.69429
-0.25282
20
0.67552
-0.15103
0.67552
-0.27375
21
0.65675
-0.16459
0.65675
-0.29477
22
0.63800
-0.17807
0.63800
-0.31593
23
0.61928
-0.19150
0.61928
-0.33730
24
0.60057
-0.20492
0.60057
-0.35895
25
0.58189
-0.21836
0.58189
-0.38091
26
0.56325
-0.23182
0.56325
-0.40325
27
0.54464
-0.24534
0.54464
-0.42601
28
0.52607
-0.25892
0.52607
-0.44923
29
0.50754
-0.27256
0.50754
-0.47296
30
0.48906
-0.28626
0.48906
-0.49722
31
0.47064
-0.30003
0.47064
-0.52207
32
0.45228
-0.31384
0.45228
-0.54754
33
0.43398
-0.32769
0.43398
-0.57366
34
0.41576
-0.34156
0.41576
-0.60047
35
0.39762
-0.35542
0.39762
-0.62800
36
0.37956
-0.36924
0.37956
-0.65630
37
0.36161
-0.38298
0.36161
-0.68541
38
0.34376
-0.39659
0.34376
-0.71536
39
0.32602
-0.41002
0.32602
-0.74619
40
0.30842
-0.42320
0.30842
-0.77796
41
0.29097
-0.43606
0.29097
-0.81071
42
0.27369
-0.44850
0.27369
-0.84448
43
0.25660
-0.46042
0.25660
-0.87935
44
0.23973
-0.47170
0.23973
-0.91534
45
0.22312
-0.48220
0.22312
-0.95253
46
0.20681
-0.49175
0.20681
-0.99096
47
0.19087
-0.50017
0.19087
-1.03064
48
0.17536
-0.50724
0.17536
-1.07159
49
0.16037
-0.51273
0.16037
-1.11376
50
0.14599
-0.51640
0.14599
-1.15704
51
0.13232
-0.51800
0.13232
-1.20128
52
0.11945
-0.51732
0.11945
-1.24624
53
0.10747
-0.51416
0.10747
-1.29161
54
0.09643
-0.50836
0.09643
-1.33706
55
0.08632
-0.49983
0.08632
-1.38227
56
0.07714
-0.48847
0.07714
-1.42691
57
0.06884
-0.47420
0.06884
-1.47071
58
0.06134
-0.45692
0.06134
-1.51339
59
0.05459
-0.43648
0.05459
-1.55472
60
0.04849
-0.41267
0.04849
-1.59438
61
0.04297
-0.38523
0.04297
-1.63204
62
0.03798
-0.35384
0.03798
-1.66728
63
0.03345
-0.31808
0.03345
-1.69950
64
0.02933
-0.27746
0.02933
-1.72797
65
0.02558
-0.23140
0.02558
-1.75170
66
0.02216
-0.17923
0.02216
-1.76940
67
0.01905
-0.12025
0.01905
-1.77942
68
0.01621
-0.05374
0.01621
-1.77964
69
0.01362
0.02099
0.01362
-1.76740
70
0.01129
0.10445
0.01129
-1.73948
71
0.00918
0.19685
0.00918
-1.69208
72
0.00730
0.29778
0.00730
-1.62100
73
0.00564
0.40594
0.00564
-1.52197
74
0.00419
0.51878
0.00419
-1.39136
75
0.00296
0.63220
0.00296
-1.22718
76
0.00195
0.74057
0.00195
-1.03029
77
0.00116
0.83722
0.00116
-0.80542
78
0.00058
0.91534
0.00058
-0.56165
79
0.00020
0.96955
0.00020
-0.31093
80
0.00002
0.99667
0.00002
-0.06748
81
0.00002
0.99667
0.00002
0.15676
82
0.00020
0.96955
0.00020
0.36436
83
0.00058
0.91534
0.00058
0.55115
84
0.00116
0.83722
0.00116
0.70860
85
0.00195
0.74057
0.00195
0.83183
86
0.00296
0.63220
0.00296
0.91931
87
0.00419
0.51878
0.00419
0.97301
88
0.00564
0.40594
0.00564
0.99725
89
0.00730
0.29778
0.00730
0.99744
90
0.00918
0.19685
0.00918
0.97903
91
0.01129
0.10445
0.01129
0.94695
92
0.01362
0.02099
0.01362
0.90525
93
0.01621
-0.05374
0.01621
0.85712
94
0.01905
-0.12025
0.01905
0.80497
95
0.02216
-0.17923
0.02216
0.75057
96
0.02558
-0.23140
0.02558
0.69519
97
0.02933
-0.27746
0.02933
0.63971
98
0.03345
-0.31808
0.03345
0.58474
99
0.03798
-0.35384
0.03798
0.53070
100
0.04297
-0.38523
0.04297
0.47785
101
0.04849
-0.41267
0.04849
0.42641
102
0.05459
-0.43648
0.05459
0.37655
103
0.06134
-0.45692
0.06134
0.32842
104
0.06884
-0.47420
0.06884
0.28217
105
0.07714
-0.48847
0.07714
0.23801
106
0.08632
-0.49983
0.08632
0.19616
107
0.09643
-0.50836
0.09643
0.15688
108
0.10747
-0.51416
0.10747
0.12044
109
0.11945
-0.51732
0.11945
0.08708
110
0.13232
-0.51800
0.13232
0.05697
111
0.14599
-0.51640
0.14599
0.03020
112
0.16037
-0.51273
0.16037
0.00674
113
0.17536
-0.50724
0.17536
-0.01354
114
0.19087
-0.50017
0.19087
-0.03084
115
0.20681
-0.49175
0.20681
-0.04538
116
0.22312
-0.48220
0.22312
-0.05744
117
0.23973
-0.47170
0.23973
-0.06726
118
0.25660
-0.46042
0.25660
-0.07510
119
0.27369
-0.44850
0.27369
-0.08117
120
0.29097
-0.43606
0.29097
-0.08569
121
0.30842
-0.42320
0.30842
-0.08885
122
0.32602
-0.41002
0.32602
-0.09079
123
0.34376
-0.39659
0.34376
-0.09169
124
0.36161
-0.38298
0.36161
-0.09165
125
0.37956
-0.36924
0.37956
-0.09079
126
0.39762
-0.35542
0.39762
-0.08922
127
0.41576
-0.34156
0.41576
-0.08703
128
0.43398
-0.32769
0.43398
-0.08428
129
0.45228
-0.31384
0.45228
-0.08105
130
0.47064
-0.30003
0.47064
-0.07739
131
0.48906
-0.28626
0.48906
-0.07335
132
0.50754
-0.27256
0.50754
-0.06897
133
0.52607
-0.25892
0.52607
-0.06430
134
0.54464
-0.24534
0.54464
-0.05935
135
0.56325
-0.23182
0.56325
-0.05414
136
0.58189
-0.21836
0.58189
-0.04870
137
0.60057
-0.20492
0.60057
-0.04303
138
0.61928
-0.19150
0.61928
-0.03713
139
0.63800
-0.17807
0.63800
-0.03099
140
0.65675
-0.16459
0.65675
-0.02462
141
0.67552
-0.15103
0.67552
-0.01798
142
0.69429
-0.13734
0.69429
-0.01105
143
0.71308
-0.12347
0.71308
-0.00381
144
0.73186
-0.10935
0.73186
0.00381
145
0.75065
-0.09490
0.75065
0.01185
146
0.76943
-0.08003
0.76943
0.02039
147
0.78820
-0.06464
0.78820
0.02952
148
0.80694
-0.04857
0.80694
0.03936
149
0.82565
-0.03168
0.82565
0.05004
150
0.84429
-0.01376
0.84429
0.06175
151
0.86284
0.00546
0.86284
0.07471
152
0.88122
0.02627
0.88122
0.08923
153
0.89934
0.04909
0.89934
0.10568
154
0.91705
0.07440
0.91705
0.12456
155
0.93413
0.10287
0.93413
0.14651
156
0.95030
0.13546
0.95030
0.17251
157
0.96527
0.17357
0.96527
0.20398
158
0.97881
0.22220
0.97881
0.24560
159
0.99081
0.28062
0.99081
0.29742
160
1.00000
0.47432
1.00000
0.47831