NACA 4412                                       
 Alfa =   0.00000 Re =        0.000 Xflap,Yflap =     0.000000    0.000000
#    x        y        Cp  
   1.00000  0.00126  0.41583
   0.99392  0.00292  0.23250
   0.98333  0.00577  0.15486
   0.97098  0.00904  0.09265
   0.95718  0.01262  0.04189
   0.94237  0.01638 -0.00185
   0.92696  0.02021 -0.04077
   0.91123  0.02403 -0.07572
   0.89533  0.02780 -0.10729
   0.87933  0.03149 -0.13687
   0.86327  0.03511 -0.16387
   0.84718  0.03864 -0.18947
   0.83106  0.04208 -0.21363
   0.81492  0.04544 -0.23666
   0.79875  0.04870 -0.25828
   0.78258  0.05188 -0.27951
   0.76638  0.05496 -0.29993
   0.75017  0.05796 -0.31966
   0.73395  0.06086 -0.33868
   0.71772  0.06368 -0.35729
   0.70148  0.06640 -0.37536
   0.68523  0.06902 -0.39342
   0.66898  0.07155 -0.41064
   0.65272  0.07398 -0.42784
   0.63645  0.07632 -0.44476
   0.62019  0.07855 -0.46171
   0.60392  0.08069 -0.47783
   0.58766  0.08272 -0.49463
   0.57140  0.08465 -0.51050
   0.55514  0.08647 -0.52692
   0.53889  0.08818 -0.54295
   0.52265  0.08978 -0.55927
   0.50642  0.09127 -0.57554
   0.49021  0.09264 -0.59179
   0.47402  0.09390 -0.60815
   0.45785  0.09503 -0.62554
   0.44172  0.09603 -0.64310
   0.42564  0.09690 -0.66203
   0.40965  0.09765 -0.68272
   0.39382  0.09824 -0.71233
   0.37817  0.09865 -0.73352
   0.36263  0.09885 -0.74972
   0.34716  0.09884 -0.76290
   0.33174  0.09863 -0.77377
   0.31639  0.09821 -0.78233
   0.30109  0.09757 -0.78883
   0.28586  0.09672 -0.79302
   0.27069  0.09564 -0.79531
   0.25561  0.09433 -0.79484
   0.24061  0.09280 -0.79271
   0.22571  0.09103 -0.78795
   0.21092  0.08902 -0.78049
   0.19626  0.08678 -0.77087
   0.18175  0.08429 -0.75780
   0.16741  0.08155 -0.74258
   0.15327  0.07856 -0.72359
   0.13937  0.07533 -0.70169
   0.12576  0.07185 -0.67599
   0.11254  0.06815 -0.64626
   0.09978  0.06426 -0.61278
   0.08762  0.06020 -0.57525
   0.07622  0.05606 -0.53306
   0.06572  0.05190 -0.48728
   0.05625  0.04782 -0.43754
   0.04786  0.04389 -0.38500
   0.04055  0.04017 -0.32932
   0.03423  0.03668 -0.27081
   0.02879  0.03343 -0.20961
   0.02411  0.03040 -0.14569
   0.02008  0.02756 -0.07760
   0.01660  0.02489 -0.00548
   0.01357  0.02236  0.07218
   0.01095  0.01995  0.15521
   0.00867  0.01764  0.24528
   0.00671  0.01541  0.34144
   0.00502  0.01324  0.44521
   0.00360  0.01113  0.55411
   0.00242  0.00906  0.66588
   0.00148  0.00703  0.77545
   0.00077  0.00504  0.87381
   0.00029  0.00309  0.95087
   0.00004  0.00120  0.99401
   0.00001 -0.00064  0.99447
   0.00020 -0.00249  0.94455
   0.00065 -0.00436  0.83759
   0.00137 -0.00623  0.68483
   0.00239 -0.00805  0.50375
   0.00369 -0.00980  0.32517
   0.00527 -0.01148  0.16575
   0.00712 -0.01307  0.03251
   0.00925 -0.01459 -0.07154
   0.01167 -0.01603 -0.14995
   0.01438 -0.01741 -0.20813
   0.01744 -0.01873 -0.24830
   0.02087 -0.02000 -0.27610
   0.02476 -0.02123 -0.29329
   0.02916 -0.02242 -0.30178
   0.03419 -0.02357 -0.30322
   0.03998 -0.02467 -0.29928
   0.04667 -0.02572 -0.29006
   0.05445 -0.02670 -0.27691
   0.06345 -0.02758 -0.25950
   0.07377 -0.02833 -0.23968
   0.08543 -0.02891 -0.21755
   0.09832 -0.02929 -0.19453
   0.11223 -0.02947 -0.17103
   0.12696 -0.02945 -0.14786
   0.14228 -0.02924 -0.12557
   0.15806 -0.02887 -0.10461
   0.17418 -0.02837 -0.08440
   0.19056 -0.02776 -0.06598
   0.20714 -0.02707 -0.04849
   0.22389 -0.02630 -0.03200
   0.24078 -0.02549 -0.01710
   0.25777 -0.02465 -0.00312
   0.27484 -0.02379  0.00972
   0.29194 -0.02292  0.02105
   0.30901 -0.02207  0.03171
   0.32603 -0.02124  0.04080
   0.34301 -0.02043  0.04859
   0.35994 -0.01967  0.05506
   0.37686 -0.01894  0.05990
   0.39378 -0.01827  0.06160
   0.41076 -0.01762  0.05839
   0.42781 -0.01697  0.06073
   0.44491 -0.01629  0.06393
   0.46204 -0.01560  0.06813
   0.47921 -0.01490  0.07238
   0.49639 -0.01420  0.07671
   0.51357 -0.01350  0.08166
   0.53074 -0.01280  0.08618
   0.54790 -0.01211  0.09057
   0.56503 -0.01143  0.09514
   0.58215 -0.01076  0.09959
   0.59926 -0.01011  0.10377
   0.61635 -0.00947  0.10818
   0.63342 -0.00885  0.11206
   0.65049 -0.00825  0.11600
   0.66755 -0.00768  0.11981
   0.68459 -0.00712  0.12350
   0.70164 -0.00659  0.12719
   0.71867 -0.00608  0.13059
   0.73570 -0.00560  0.13408
   0.75273 -0.00514  0.13741
   0.76976 -0.00471  0.14092
   0.78678 -0.00431  0.14432
   0.80381 -0.00393  0.14784
   0.82084 -0.00357  0.15139
   0.83786 -0.00324  0.15543
   0.85489 -0.00294  0.15916
   0.87190 -0.00266  0.16401
   0.88889 -0.00241  0.16925
   0.90581 -0.00218  0.17534
   0.92258 -0.00197  0.18279
   0.93902 -0.00179  0.19224
   0.95483 -0.00163  0.20452
   0.96953 -0.00150  0.22168
   0.98258 -0.00139  0.24665
   0.99368 -0.00131  0.28746
   1.00000 -0.00126  0.41583
