NACA 0012                                       
 Alfa =   3.00000 Re =        0.000 Xflap,Yflap =     0.000000    0.000000
#    x        y        Cp  
   1.00000  0.00126  0.41655
   0.99372  0.00214  0.25108
   0.98277  0.00365  0.18759
   0.96999  0.00539  0.13951
   0.95567  0.00731  0.10197
   0.94026  0.00934  0.07082
   0.92422  0.01142  0.04339
   0.90784  0.01350  0.01957
   0.89128  0.01556 -0.00182
   0.87462  0.01759 -0.02143
   0.85793  0.01959 -0.03964
   0.84120  0.02155 -0.05649
   0.82446  0.02348 -0.07265
   0.80771  0.02537 -0.08801
   0.79095  0.02723 -0.10268
   0.77419  0.02905 -0.11723
   0.75742  0.03083 -0.13104
   0.74066  0.03257 -0.14479
   0.72389  0.03428 -0.15837
   0.70712  0.03594 -0.17152
   0.69035  0.03757 -0.18491
   0.67359  0.03916 -0.19816
   0.65683  0.04071 -0.21120
   0.64008  0.04221 -0.22459
   0.62333  0.04367 -0.23801
   0.60659  0.04509 -0.25118
   0.58987  0.04646 -0.26477
   0.57315  0.04778 -0.27843
   0.55645  0.04905 -0.29217
   0.53976  0.05026 -0.30622
   0.52309  0.05143 -0.32045
   0.50644  0.05253 -0.33488
   0.48980  0.05357 -0.34976
   0.47319  0.05455 -0.36436
   0.45660  0.05546 -0.37992
   0.44004  0.05630 -0.39521
   0.42351  0.05707 -0.41124
   0.40701  0.05776 -0.42719
   0.39055  0.05837 -0.44392
   0.37412  0.05889 -0.46067
   0.35774  0.05932 -0.47780
   0.34140  0.05965 -0.49562
   0.32511  0.05988 -0.51360
   0.30888  0.06000 -0.53213
   0.29272  0.06001 -0.55118
   0.27662  0.05989 -0.57056
   0.26060  0.05965 -0.59066
   0.24467  0.05927 -0.61127
   0.22884  0.05875 -0.63250
   0.21313  0.05807 -0.65418
   0.19755  0.05723 -0.67732
   0.18214  0.05622 -0.70064
   0.16693  0.05503 -0.72526
   0.15196  0.05365 -0.75070
   0.13730  0.05207 -0.77749
   0.12303  0.05029 -0.80554
   0.10929  0.04832 -0.83471
   0.09622  0.04618 -0.86498
   0.08399  0.04389 -0.89641
   0.07278  0.04150 -0.92819
   0.06271  0.03908 -0.95991
   0.05380  0.03667 -0.99028
   0.04603  0.03431 -1.01969
   0.03929  0.03203 -1.04589
   0.03346  0.02983 -1.07076
   0.02840  0.02771 -1.09006
   0.02399  0.02566 -1.10589
   0.02013  0.02367 -1.11415
   0.01674  0.02173 -1.11588
   0.01376  0.01982 -1.10585
   0.01114  0.01793 -1.08356
   0.00883  0.01606 -1.04040
   0.00682  0.01419 -0.97665
   0.00508  0.01231 -0.88112
   0.00360  0.01041 -0.74756
   0.00238  0.00851 -0.57568
   0.00141  0.00659 -0.36038
   0.00070  0.00467 -0.11406
   0.00025  0.00277  0.14394
   0.00003  0.00091  0.39046
   0.00003 -0.00091  0.60209
   0.00025 -0.00277  0.77843
   0.00070 -0.00467  0.90532
   0.00141 -0.00659  0.97853
   0.00238 -0.00851  0.99999
   0.00360 -0.01041  0.98065
   0.00508 -0.01231  0.93290
   0.00682 -0.01419  0.86781
   0.00883 -0.01606  0.79402
   0.01114 -0.01793  0.71704
   0.01376 -0.01982  0.63925
   0.01674 -0.02173  0.56506
   0.02013 -0.02367  0.49286
   0.02399 -0.02566  0.42501
   0.02840 -0.02771  0.36039
   0.03346 -0.02983  0.29945
   0.03929 -0.03203  0.24284
   0.04603 -0.03431  0.18934
   0.05380 -0.03667  0.13998
   0.06271 -0.03908  0.09491
   0.07278 -0.04150  0.05375
   0.08399 -0.04389  0.01805
   0.09622 -0.04618 -0.01320
   0.10929 -0.04832 -0.03968
   0.12303 -0.05029 -0.06164
   0.13730 -0.05207 -0.08011
   0.15196 -0.05365 -0.09504
   0.16693 -0.05503 -0.10701
   0.18214 -0.05622 -0.11680
   0.19755 -0.05723 -0.12423
   0.21313 -0.05807 -0.13006
   0.22884 -0.05875 -0.13430
   0.24467 -0.05927 -0.13728
   0.26060 -0.05965 -0.13920
   0.27662 -0.05989 -0.14001
   0.29272 -0.06001 -0.14006
   0.30888 -0.06000 -0.13933
   0.32511 -0.05988 -0.13808
   0.34140 -0.05965 -0.13601
   0.35774 -0.05932 -0.13371
   0.37412 -0.05889 -0.13098
   0.39055 -0.05837 -0.12781
   0.40701 -0.05776 -0.12417
   0.42351 -0.05707 -0.12061
   0.44004 -0.05630 -0.11651
   0.45660 -0.05546 -0.11213
   0.47319 -0.05455 -0.10797
   0.48980 -0.05357 -0.10330
   0.50644 -0.05253 -0.09857
   0.52309 -0.05143 -0.09383
   0.53976 -0.05026 -0.08866
   0.55645 -0.04905 -0.08363
   0.57315 -0.04778 -0.07857
   0.58987 -0.04646 -0.07317
   0.60659 -0.04509 -0.06774
   0.62333 -0.04367 -0.06216
   0.64008 -0.04221 -0.05659
   0.65683 -0.04071 -0.05083
   0.67359 -0.03916 -0.04488
   0.69035 -0.03757 -0.03901
   0.70712 -0.03594 -0.03244
   0.72389 -0.03428 -0.02620
   0.74066 -0.03257 -0.01935
   0.75742 -0.03083 -0.01241
   0.77419 -0.02905 -0.00511
   0.79095 -0.02723  0.00253
   0.80771 -0.02537  0.01126
   0.82446 -0.02348  0.01920
   0.84120 -0.02155  0.02955
   0.85793 -0.01959  0.03954
   0.87462 -0.01759  0.05086
   0.89128 -0.01556  0.06393
   0.90784 -0.01350  0.07812
   0.92422 -0.01142  0.09494
   0.94026 -0.00934  0.11480
   0.95567 -0.00731  0.13843
   0.96999 -0.00539  0.16794
   0.98277 -0.00365  0.20818
   0.99372 -0.00214  0.26318
   1.00000 -0.00126  0.41655
