NACA 4412                                       
 Alfa =  10.00000 Re =        0.000 Xflap,Yflap =     0.000000    0.000000
#    x        y        Cp  
   1.00000  0.00126  0.44660
   0.99392  0.00292  0.25483
   0.98333  0.00577  0.16670
   0.97098  0.00904  0.09312
   0.95718  0.01262  0.03013
   0.94237  0.01638 -0.02606
   0.92696  0.02021 -0.07756
   0.91123  0.02403 -0.12468
   0.89533  0.02780 -0.16901
   0.87933  0.03149 -0.21124
   0.86327  0.03511 -0.25078
   0.84718  0.03864 -0.28948
   0.83106  0.04208 -0.32631
   0.81492  0.04544 -0.36255
   0.79875  0.04870 -0.39741
   0.78258  0.05188 -0.43190
   0.76638  0.05496 -0.46657
   0.75017  0.05796 -0.49997
   0.73395  0.06086 -0.53341
   0.71772  0.06368 -0.56658
   0.70148  0.06640 -0.59967
   0.68523  0.06902 -0.63321
   0.66898  0.07155 -0.66636
   0.65272  0.07398 -0.69956
   0.63645  0.07632 -0.73333
   0.62019  0.07855 -0.76784
   0.60392  0.08069 -0.80171
   0.58766  0.08272 -0.83708
   0.57140  0.08465 -0.87205
   0.55514  0.08647 -0.90867
   0.53889  0.08818 -0.94536
   0.52265  0.08978 -0.98308
   0.50642  0.09127 -1.02227
   0.49021  0.09264 -1.06186
   0.47402  0.09390 -1.10346
   0.45785  0.09503 -1.14686
   0.44172  0.09603 -1.19225
   0.42564  0.09690 -1.24083
   0.40965  0.09765 -1.29338
   0.39382  0.09824 -1.36003
   0.37817  0.09865 -1.41679
   0.36263  0.09885 -1.46918
   0.34716  0.09884 -1.51920
   0.33174  0.09863 -1.56795
   0.31639  0.09821 -1.61622
   0.30109  0.09757 -1.66420
   0.28586  0.09672 -1.71139
   0.27069  0.09564 -1.75921
   0.25561  0.09433 -1.80646
   0.24061  0.09280 -1.85503
   0.22571  0.09103 -1.90350
   0.21092  0.08902 -1.95320
   0.19626  0.08678 -2.00452
   0.18175  0.08429 -2.05690
   0.16741  0.08155 -2.11250
   0.15327  0.07856 -2.17059
   0.13937  0.07533 -2.23292
   0.12576  0.07185 -2.29998
   0.11254  0.06815 -2.37309
   0.09978  0.06426 -2.45410
   0.08762  0.06020 -2.54425
   0.07622  0.05606 -2.64406
   0.06572  0.05190 -2.75573
   0.05625  0.04782 -2.87821
   0.04786  0.04389 -3.01258
   0.04055  0.04017 -3.15687
   0.03423  0.03668 -3.31072
   0.02879  0.03343 -3.47334
   0.02411  0.03040 -3.64640
   0.02008  0.02756 -3.82556
   0.01660  0.02489 -4.01376
   0.01357  0.02236 -4.20746
   0.01095  0.01995 -4.40717
   0.00867  0.01764 -4.60722
   0.00671  0.01541 -4.80558
   0.00502  0.01324 -4.98893
   0.00360  0.01113 -5.14766
   0.00242  0.00906 -5.25974
   0.00148  0.00703 -5.29903
   0.00077  0.00504 -5.23861
   0.00029  0.00309 -5.04527
   0.00004  0.00120 -4.71193
   0.00001 -0.00064 -4.25980
   0.00020 -0.00249 -3.69098
   0.00065 -0.00436 -2.97808
   0.00137 -0.00623 -2.19643
   0.00239 -0.00805 -1.41801
   0.00369 -0.00980 -0.73940
   0.00527 -0.01148 -0.19272
   0.00712 -0.01307  0.21998
   0.00925 -0.01459  0.51494
   0.01167 -0.01603  0.71728
   0.01438 -0.01741  0.85095
   0.01744 -0.01873  0.93336
   0.02087 -0.02000  0.97915
   0.02476 -0.02123  0.99816
   0.02916 -0.02242  0.99769
   0.03419 -0.02357  0.98303
   0.03998 -0.02467  0.95798
   0.04667 -0.02572  0.92547
   0.05445 -0.02670  0.88776
   0.06345 -0.02758  0.84723
   0.07377 -0.02833  0.80557
   0.08543 -0.02891  0.76488
   0.09832 -0.02929  0.72651
   0.11223 -0.02947  0.69171
   0.12696 -0.02945  0.66080
   0.14228 -0.02924  0.63371
   0.15806 -0.02887  0.60998
   0.17418 -0.02837  0.58959
   0.19056 -0.02776  0.57149
   0.20714 -0.02707  0.55577
   0.22389 -0.02630  0.54200
   0.24078 -0.02549  0.52947
   0.25777 -0.02465  0.51835
   0.27484 -0.02379  0.50832
   0.29194 -0.02292  0.49870
   0.30901 -0.02207  0.49014
   0.32603 -0.02124  0.48186
   0.34301 -0.02043  0.47365
   0.35994 -0.01967  0.46561
   0.37686 -0.01894  0.45724
   0.39378 -0.01827  0.44762
   0.41076 -0.01762  0.43544
   0.42781 -0.01697  0.42682
   0.44491 -0.01629  0.41911
   0.46204 -0.01560  0.41252
   0.47921 -0.01490  0.40613
   0.49639 -0.01420  0.40009
   0.51357 -0.01350  0.39499
   0.53074 -0.01280  0.38976
   0.54790 -0.01211  0.38471
   0.56503 -0.01143  0.37995
   0.58215 -0.01076  0.37570
   0.59926 -0.01011  0.37099
   0.61635 -0.00947  0.36712
   0.63342 -0.00885  0.36253
   0.65049 -0.00825  0.35860
   0.66755 -0.00768  0.35445
   0.68459 -0.00712  0.35022
   0.70164 -0.00659  0.34653
   0.71867 -0.00608  0.34211
   0.73570 -0.00560  0.33829
   0.75273 -0.00514  0.33405
   0.76976 -0.00471  0.33037
   0.78678 -0.00431  0.32605
   0.80381 -0.00393  0.32254
   0.82084 -0.00357  0.31829
   0.83786 -0.00324  0.31475
   0.85489 -0.00294  0.31070
   0.87190 -0.00266  0.30728
   0.88889 -0.00241  0.30460
   0.90581 -0.00218  0.30152
   0.92258 -0.00197  0.29979
   0.93902 -0.00179  0.29939
   0.95483 -0.00163  0.30071
   0.96953 -0.00150  0.30694
   0.98258 -0.00139  0.31878
   0.99368 -0.00131  0.34546
   1.00000 -0.00126  0.44660
